west_longitude: -121.868234
east_longitude: -121.861792
north_latitude: 37.686560
south_latitude: 37.682029
 