algorithms/file.asc
NCOLS 34
NROWS 31
XLLCORNER -2091315.0
YLLCORNER 3060615.0
CELLSIZE 30.0
NODATA_VALUE 32767.0
32767 32767 32767 32767 32767 32767 645 664 676 694 32767 32767 32767 32767 32767 32767 32767 32767 32767 32767 32767 32767 32767 32767 32767 32767 32767 32767 32767 32767 32767 32767 32767 32767 
32767 32767 32767 32767 32767 32767 645 666 689 709 724 741 761 32767 32767 32767 32767 32767 32767 32767 32767 32767 32767 32767 32767 32767 32767 32767 32767 32767 32767 32767 32767 32767 
32767 32767 32767 32767 32767 650 656 664 688 714 735 754 772 790 810 808 32767 32767 32767 32767 32767 32767 32767 32767 32767 32767 32767 32767 32767 32767 32767 32767 32767 32767 
32767 32767 32767 32767 32767 658 674 681 696 715 729 750 773 797 821 811 800 783 760 739 32767 32767 32767 32767 32767 32767 32767 32767 32767 32767 32767 32767 32767 32767 
32767 32767 32767 32767 32767 664 686 703 710 725 742 761 776 787 795 794 792 787 765 745 723 710 693 32767 32767 32767 32767 32767 32767 32767 32767 32767 32767 32767 
32767 32767 32767 32767 667 676 691 713 722 738 755 770 774 768 773 775 768 779 775 755 736 722 710 697 697 690 32767 32767 32767 32767 32767 32767 32767 32767 
32767 32767 32767 32767 685 696 705 722 736 746 761 771 760 744 750 754 744 758 766 764 748 739 724 712 710 696 678 655 647 32767 32767 32767 32767 32767 
32767 32767 32767 32767 703 711 727 736 749 753 764 765 747 725 724 730 721 733 751 766 766 748 736 730 719 703 686 670 672 662 655 649 642 32767 
32767 32767 32767 32767 725 728 743 752 762 763 759 748 734 710 701 708 696 708 734 755 766 760 754 745 728 712 698 692 690 682 674 665 656 665 
32767 32767 32767 751 747 746 755 753 754 747 742 728 714 695 680 686 680 688 714 731 743 760 769 758 739 723 716 711 706 696 683 675 675 677 
32767 32767 32767 766 764 761 746 741 738 729 721 710 692 676 660 663 656 668 689 708 728 757 775 769 752 739 732 728 717 703 693 692 687 32767 
32767 32767 32767 771 762 750 739 735 727 719 707 694 680 661 644 643 641 646 670 699 728 748 757 761 762 758 752 741 727 715 712 704 698 32767 
32767 32767 764 763 748 743 735 730 719 709 696 680 664 647 631 617 615 635 663 685 708 730 733 742 760 770 769 753 739 733 724 715 713 32767 
32767 32767 756 750 740 732 723 720 712 701 684 669 654 636 623 603 601 624 646 662 683 710 715 732 749 764 776 766 753 745 734 727 32767 32767 
32767 32767 742 737 731 722 709 704 699 683 674 656 637 622 610 595 588 606 625 640 660 683 699 714 730 748 772 774 764 754 745 740 32767 32767 
32767 712 730 727 722 713 699 693 685 674 668 655 639 620 604 582 575 589 604 627 636 657 674 692 712 736 760 772 773 767 760 755 32767 32767 
32767 701 718 719 713 702 686 672 665 662 659 650 639 625 608 585 568 571 584 601 617 637 657 680 703 727 750 767 776 777 775 32767 32767 32767 
32767 697 711 708 700 693 676 655 646 644 642 638 629 622 613 593 566 560 573 591 610 632 652 674 699 726 747 764 776 783 785 32767 32767 32767 
32767 690 699 696 686 681 667 652 634 626 624 621 613 602 601 587 562 553 566 584 604 626 641 661 687 717 741 756 770 780 790 32767 32767 32767 
662 672 680 679 670 666 656 644 625 610 599 597 592 580 567 560 551 550 561 576 590 607 630 652 682 715 731 749 764 774 32767 32767 32767 32767 
643 653 659 663 658 653 646 633 619 605 584 576 574 562 551 540 542 550 558 571 587 609 631 652 678 701 721 741 756 763 32767 32767 32767 32767 
633 640 642 647 651 644 632 619 608 597 581 562 556 547 535 527 537 543 552 570 590 614 637 652 663 688 712 732 746 753 32767 32767 32767 32767 
622 626 627 639 644 631 618 603 590 583 576 558 543 538 522 518 528 539 551 566 591 607 625 635 653 681 706 722 738 746 32767 32767 32767 32767 
32767 32767 628 647 640 619 598 583 572 565 560 552 541 529 510 508 519 528 538 552 570 585 603 622 652 678 702 719 734 32767 32767 32767 32767 32767 
32767 32767 32767 32767 32767 622 598 576 558 542 542 543 535 523 501 500 505 517 534 544 561 582 603 624 651 675 697 715 730 32767 32767 32767 32767 32767 
32767 32767 32767 32767 32767 32767 32767 32767 32767 531 520 528 521 505 491 493 508 525 542 559 576 595 617 633 654 675 694 707 719 32767 32767 32767 32767 32767 
32767 32767 32767 32767 32767 32767 32767 32767 32767 32767 32767 32767 502 486 483 498 521 536 552 569 587 608 631 646 656 666 676 689 32767 32767 32767 32767 32767 32767 
32767 32767 32767 32767 32767 32767 32767 32767 32767 32767 32767 32767 32767 32767 32767 506 527 546 565 580 596 615 632 638 638 645 656 674 32767 32767 32767 32767 32767 32767 
32767 32767 32767 32767 32767 32767 32767 32767 32767 32767 32767 32767 32767 32767 32767 32767 32767 32767 574 589 596 602 604 615 615 625 643 668 32767 32767 32767 32767 32767 32767 
32767 32767 32767 32767 32767 32767 32767 32767 32767 32767 32767 32767 32767 32767 32767 32767 32767 32767 32767 32767 32767 32767 578 588 597 616 635 32767 32767 32767 32767 32767 32767 32767 
32767 32767 32767 32767 32767 32767 32767 32767 32767 32767 32767 32767 32767 32767 32767 32767 32767 32767 32767 32767 32767 32767 32767 32767 32767 603 626 32767 32767 32767 32767 32767 32767 32767 
