algorithms/spacereserve.asc
ncols        61
nrows        46
xllcorner    -932.813240966643
yllcorner    -677.834423105232
cellsize     30.000000000000
NODATA_value  -9999
 267.0 266 258 253 235 231 231 234 240 248 245 251 251 262 278 289 298 304 311 321 333 329 338 346 351 355 364 376 385 383 388 389 383 389 385 378 374 359 346 335 325 307 293 288 300 296 294 291 276 259 238 227 207 190 185 183 181 182 194 188 196
 286 284 273 259 240 233 233 234 234 235 237 241 251 265 272 282 291 302 313 322 325 329 337 341 345 358 369 369 377 370 376 384 391 386 388 385 379 367 359 344 332 322 314 308 317 313 305 291 278 278 265 239 225 211 194 183 178 178 184 179 188
 298 301 297 281 260 241 235 236 235 235 237 242 251 262 266 279 294 303 306 312 315 326 323 330 335 345 356 364 367 367 376 384 387 380 386 388 385 375 362 346 348 342 334 334 338 328 315 302 274 263 251 223 213 202 194 186 181 177 177 174 182
 309 310 300 279 261 245 237 237 236 236 237 242 248 256 264 276 276 287 285 295 301 312 314 320 333 339 347 352 358 369 378 379 377 380 391 393 385 387 375 363 369 366 361 349 342 325 306 288 259 244 233 218 209 199 192 192 190 185 185 179 172
 317 311 298 274 260 245 238 239 240 239 239 243 242 246 252 260 269 277 277 285 295 306 305 317 329 339 341 348 359 366 367 367 367 371 383 391 392 386 379 373 377 375 370 357 339 317 295 276 258 241 227 218 232 224 211 211 205 198 189 184 173
 321 307 290 268 268 251 242 242 247 253 250 254 245 245 252 257 263 269 274 280 289 298 306 315 326 326 344 350 357 365 358 353 358 368 378 381 386 382 381 378 377 371 369 358 336 314 296 296 288 268 248 236 252 241 224 226 217 203 193 194 179
 334 324 306 288 268 249 242 247 257 267 266 269 256 249 251 257 263 269 282 280 280 287 307 318 327 335 357 364 366 358 351 344 355 358 366 368 377 371 375 371 371 358 363 368 358 342 327 308 296 275 259 255 269 255 237 238 227 212 204 204 187
 337 326 308 288 266 250 244 254 268 279 280 284 272 259 259 258 264 273 297 301 294 297 321 334 344 349 365 364 360 358 341 338 348 345 351 351 359 354 355 359 356 349 361 368 364 353 337 316 301 287 279 276 277 266 250 238 241 229 218 213 209
 334 323 306 287 264 250 247 266 266 279 290 303 298 287 270 266 271 285 297 317 313 312 330 343 355 361 360 350 346 346 332 328 330 329 337 345 353 339 338 342 342 350 364 371 364 355 337 319 305 297 297 287 270 268 261 252 234 224 216 206 205
 326 319 319 303 279 260 252 256 279 291 300 315 311 297 279 274 284 298 310 329 330 326 341 341 346 359 357 349 336 332 320 317 321 329 338 344 345 323 323 327 335 351 363 371 368 360 345 329 300 288 280 272 246 246 244 242 221 217 210 206 195
 315 311 307 296 269 258 264 270 290 302 312 327 320 303 285 281 293 293 307 325 336 342 357 356 353 357 348 336 326 320 309 309 320 330 335 334 329 309 312 312 324 342 354 362 366 348 327 313 285 269 258 250 229 226 225 224 204 207 204 199 193
 297 291 289 283 265 268 279 285 303 312 323 336 336 325 308 301 293 297 312 327 340 351 357 367 361 357 349 335 323 313 301 306 319 319 317 320 318 297 300 315 329 336 343 351 356 344 323 303 285 267 254 241 231 216 216 211 200 192 195 196 190
 291 284 279 273 271 275 275 290 311 317 323 334 341 328 312 315 306 303 314 329 341 355 366 375 372 363 359 359 346 328 314 295 296 307 300 304 302 297 300 317 330 321 328 339 348 344 327 306 306 298 281 264 265 242 225 212 205 191 187 188 182
 301 299 288 278 285 281 279 295 315 329 337 343 348 334 321 330 317 311 320 336 344 344 355 367 377 380 372 366 353 334 315 293 283 291 284 288 286 285 299 313 320 308 308 321 334 339 341 332 316 308 291 279 276 257 240 221 207 191 182 181 174
 309 305 291 286 297 289 288 298 317 336 349 354 357 342 333 346 340 325 322 343 350 352 357 369 378 384 378 362 348 333 309 290 274 277 268 270 269 269 275 291 300 291 307 322 332 328 329 328 321 313 304 293 276 262 243 224 204 191 191 183 182
 318 305 298 298 309 299 301 305 324 324 343 358 370 363 352 346 345 330 331 352 362 364 364 379 385 387 378 358 340 324 302 302 286 270 258 251 253 257 268 278 284 291 306 317 326 313 317 320 319 308 305 297 297 274 254 237 221 207 199 191 190
 322 309 313 315 315 318 306 318 338 335 348 364 380 375 365 357 347 338 340 359 372 378 378 391 392 392 388 374 357 340 321 314 295 274 263 249 241 250 258 264 273 289 295 304 312 301 301 308 310 288 292 296 291 272 255 238 221 219 208 199 187
 341 323 323 332 331 326 321 335 355 347 357 372 393 389 378 364 355 353 353 368 364 377 389 400 399 395 387 374 362 349 332 321 300 280 269 251 239 245 245 257 257 270 271 279 287 279 289 293 292 268 277 284 284 269 256 245 232 224 210 197 179
 343 333 341 349 343 336 338 353 367 359 368 384 404 404 401 388 381 370 371 368 375 382 395 404 402 397 387 378 369 357 340 325 306 288 274 274 254 237 226 233 248 259 253 258 269 279 270 274 272 253 263 275 277 263 251 243 243 224 216 204 184
 342 353 361 364 351 345 354 354 367 378 373 382 407 415 412 399 392 387 388 383 388 388 399 406 403 397 389 379 373 373 363 352 334 315 295 278 259 240 224 223 233 245 232 238 252 263 250 254 254 240 240 252 265 254 252 241 230 206 202 193 184
 348 374 374 378 375 370 356 368 381 389 390 396 414 423 422 409 401 402 402 397 402 397 402 402 406 401 395 384 378 373 366 356 339 320 299 284 265 244 225 214 220 228 215 222 222 234 223 233 238 239 228 240 250 236 238 231 216 193 187 180 173
 360 378 389 394 386 375 372 381 393 401 406 409 425 430 429 416 412 412 415 415 422 414 407 406 403 397 389 373 370 368 365 347 337 320 302 280 261 243 233 220 209 209 201 202 208 215 207 216 223 226 212 224 231 217 221 218 206 186 177 171 171
 371 394 403 406 393 387 391 392 401 411 419 419 425 438 437 434 426 425 427 426 427 420 413 408 401 391 379 358 353 352 353 334 334 328 316 288 269 249 233 210 205 202 200 198 198 200 193 199 205 209 197 206 211 198 198 205 204 182 175 170 167
 388 394 417 412 395 401 403 408 406 422 421 430 438 448 443 435 433 436 437 432 427 420 413 407 401 389 372 372 356 341 335 319 320 315 303 274 256 236 220 216 214 206 213 208 200 192 192 190 190 189 183 185 190 193 184 190 188 173 170 168 166
 404 405 427 428 416 413 422 423 418 435 434 440 447 456 448 437 433 444 441 434 426 426 419 413 409 400 388 374 355 335 321 303 305 300 288 259 243 227 217 233 231 222 222 230 227 215 213 200 194 186 185 181 180 181 177 178 176 171 169 168 168
 419 423 443 439 423 430 439 438 429 448 446 453 458 461 451 451 443 454 450 443 436 427 421 415 410 401 388 374 355 334 314 298 290 284 272 251 251 241 232 253 253 251 242 250 244 230 221 213 206 194 194 186 179 176 175 173 172 172 171 170 171
 436 441 458 450 434 430 456 450 443 458 462 457 464 474 468 459 456 461 453 445 440 430 424 417 411 403 390 374 357 336 336 315 301 285 271 263 262 255 253 273 274 272 260 267 256 238 234 226 217 206 209 198 198 187 189 178 173 172 171 172 181
 455 459 471 471 458 446 468 470 461 473 475 471 473 481 476 469 466 466 458 449 440 436 427 419 419 410 401 389 368 352 336 320 302 285 269 277 281 277 274 291 293 288 276 279 262 245 245 251 239 231 236 225 214 201 200 182 173 171 171 181 198
 472 473 488 482 467 461 485 484 472 473 486 483 483 487 480 475 471 472 463 463 453 447 437 427 410 403 396 383 358 341 327 315 294 281 271 277 297 298 293 307 307 308 301 302 288 271 260 269 257 246 253 242 230 217 203 184 174 171 178 194 213
 486 486 499 491 477 479 499 495 485 487 495 493 493 498 491 484 479 484 476 467 457 444 431 418 392 387 385 376 347 330 314 304 286 279 279 281 305 312 315 321 322 321 313 312 299 286 279 285 274 263 265 253 240 224 201 201 183 173 176 189 207
 498 498 508 500 493 496 508 508 502 498 504 501 501 502 495 490 488 482 474 465 455 435 421 403 392 369 368 363 344 333 319 304 293 290 292 297 320 324 326 333 334 331 323 322 312 302 294 295 285 276 276 270 255 238 217 199 182 173 184 202 220
 505 505 513 514 509 507 517 513 509 506 509 507 506 502 498 493 488 477 468 458 448 435 435 419 401 382 361 349 329 319 309 297 308 307 311 315 336 337 337 333 341 337 331 327 327 319 312 306 298 289 280 269 253 235 214 197 181 175 191 211 231
 511 510 513 519 514 517 521 519 514 513 513 510 508 504 500 493 484 484 476 469 460 451 440 424 405 382 361 341 324 316 311 308 327 326 330 335 352 350 350 348 348 344 340 334 327 318 313 301 295 288 279 265 251 233 215 197 180 175 196 196 216
 517 515 518 523 519 520 524 523 521 518 515 515 512 511 508 502 494 484 478 471 463 452 442 423 404 379 359 340 324 329 329 328 347 346 344 347 363 362 358 353 345 342 340 328 320 311 305 292 287 280 274 260 250 250 234 214 196 179 183 202 221
 520 520 523 526 523 523 526 528 528 527 526 519 516 513 509 501 492 484 478 469 460 450 437 417 398 373 373 353 338 346 348 347 365 365 362 361 369 366 359 351 335 332 332 328 308 300 293 279 280 275 269 253 251 244 230 207 192 178 185 202 219
 518 520 523 525 527 526 526 531 532 531 528 523 517 514 509 502 491 483 477 469 469 461 448 432 411 387 368 356 352 365 366 364 365 380 376 372 372 366 355 341 320 316 316 316 297 292 286 265 267 263 255 237 238 233 221 197 185 177 185 193 204
 518 519 523 525 529 531 531 534 534 532 528 524 520 514 516 510 503 494 487 478 471 459 447 431 409 385 373 372 369 384 385 383 381 388 384 378 379 369 360 346 316 305 299 297 279 273 268 249 250 248 240 220 223 219 209 187 180 180 178 187 185
 519 521 523 526 530 533 534 536 535 535 532 528 524 521 515 511 506 497 486 477 469 459 442 425 404 394 392 392 385 401 401 402 398 400 392 386 375 363 348 332 306 293 284 280 261 256 250 249 230 229 223 206 204 205 201 190 189 186 186 201 193
 521 524 524 527 527 530 533 534 535 534 532 528 525 521 512 510 506 497 487 477 467 456 437 420 420 418 416 415 411 415 414 413 407 401 392 385 375 356 340 323 302 287 274 266 248 248 242 234 217 213 208 204 199 194 192 205 202 193 197 216 213
 521 526 528 528 526 528 531 533 534 533 531 528 525 519 509 505 503 496 493 487 479 467 447 433 423 418 438 434 425 424 422 418 410 395 386 377 368 348 334 318 315 301 289 276 254 240 233 223 220 214 208 204 213 210 207 222 210 197 208 229 230
 519 526 529 527 525 525 529 529 530 529 529 526 526 524 515 507 500 497 488 484 477 464 442 441 444 440 452 444 432 431 427 419 408 389 389 380 370 351 340 327 310 295 281 268 246 233 223 222 237 232 224 218 233 230 227 244 232 214 204 225 242
 516 522 527 528 524 522 526 522 522 523 524 517 519 519 515 502 494 490 479 474 467 456 454 459 462 457 455 447 447 442 438 431 420 403 387 375 363 342 331 322 310 290 277 261 237 230 232 236 254 254 250 244 259 252 249 252 234 216 211 236 253
 517 517 526 529 530 525 521 523 517 515 516 508 510 512 509 491 482 480 467 463 456 454 467 472 475 470 463 458 451 442 446 436 421 402 385 370 356 334 324 315 302 280 269 269 246 240 244 251 273 271 268 264 276 269 263 252 232 218 220 250 266
 504 516 525 531 533 529 527 528 522 521 514 503 495 497 496 476 476 469 468 462 458 462 483 483 475 468 467 465 457 451 450 438 421 403 385 368 350 345 326 314 303 276 265 254 246 256 263 270 287 287 286 283 290 282 269 251 230 226 235 251 264
 501 512 524 532 535 534 534 533 531 530 530 524 505 488 484 479 472 470 466 476 473 475 491 483 472 468 470 468 464 458 450 437 437 419 402 384 365 338 317 298 286 265 258 257 255 278 283 286 300 302 302 298 300 300 287 269 245 237 244 267 277
 504 513 524 533 534 537 540 540 538 536 535 524 508 494 488 491 487 486 479 495 488 485 495 487 474 470 473 472 470 467 456 444 433 419 397 379 359 329 308 286 273 275 275 276 275 296 299 299 317 317 317 316 318 305 287 267 248 250 262 267 290
