.asc files/fremont_updated.asc
ncols        70
nrows        49
xllcorner    -121.868240698820
yllcorner    37.682037012826
cellsize     0.000092592593
NODATA_value  -999999
[rows 18 to 35 of 49, columns 0 to 40 of 70]
106.52265167236328125 106.572662353515625 106.91374969482421875 107.0879974365234375 107.12070465087890625 107.50217437744140625 107.98834991455078125 107.98336029052734375 107.9054412841796875 107.47066497802734375 107.1292877197265625 107.38024139404296875 108.114593505859375 108.34299468994140625 108.4114837646484375 108.55951690673828125 108.78907012939453125 108.787017822265625 108.8253631591796875 108.9106597900390625 108.96428680419921875 108.90773773193359375 108.7297210693359375 108.63083648681640625 108.80865478515625 108.82549285888671875 108.90966033935546875 108.87500762939453125 108.8403472900390625 108.8554840087890625 108.8637237548828125 109.0748443603515625 109.1945953369140625 109.2240753173828125 109.19756317138671875 109.06034088134765625 108.94095611572265625 108.90270233154296875 108.98180389404296875 109.17505645751953125 109.2095489501953125
106.4512481689453125 106.5079803466796875 106.8647003173828125 107.0355682373046875 107.04529571533203125 107.4489593505859375 108.04018402099609375 108.04581451416015625 107.95184326171875 107.457489013671875 107.15313720703125 107.3838653564453125 108.0331573486328125 108.27547454833984375 108.358154296875 108.5937347412109375 108.8443145751953125 108.8139190673828125 108.82595062255859375 108.89373016357421875 108.9297332763671875 108.89000701904296875 108.73976898193359375 108.57489776611328125 108.77729034423828125 108.882904052734375 108.97687530517578125 108.9703369140625 108.89459991455078125 108.9085693359375 108.82375335693359375 108.97310638427734375 109.122314453125 109.1353607177734375 109.15756988525390625 109.05844879150390625 108.96494293212890625 108.9985809326171875 108.99599456787109375 109.20410919189453125 109.317962646484375
106.3923187255859375 106.44794464111328125 106.79103851318359375 106.9416046142578125 106.93359375 107.31329345703125 108.00640869140625 107.99546051025390625 107.86042022705078125 107.4411773681640625 107.1962127685546875 107.44669342041015625 108.09011077880859375 108.323516845703125 108.3876953125 108.64589691162109375 108.91838836669921875 108.89379119873046875 108.8847808837890625 108.92816162109375 108.9163055419921875 108.801483154296875 108.677459716796875 108.54836273193359375 108.82828521728515625 108.91896820068359375 108.9229583740234375 108.90566253662109375 108.89392852783203125 108.90522003173828125 108.78542327880859375 108.77352142333984375 108.94530487060546875 109.03865814208984375 109.080352783203125 109.080169677734375 108.92748260498046875 109.07671356201171875 109.02709197998046875 109.02230072021484375 109.02875518798828125
106.35233306884765625 106.41158294677734375 106.7549591064453125 106.914031982421875 106.93312835693359375 107.2910614013671875 107.974609375 108.0004425048828125 107.87750244140625 107.47983551025390625 107.2401275634765625 107.52342987060546875 108.2320404052734375 108.43636322021484375 108.4439697265625 108.63616180419921875 108.83049774169921875 108.84557342529296875 108.872833251953125 108.9653167724609375 108.9916229248046875 108.819305419921875 108.60091400146484375 108.54077911376953125 108.91490936279296875 108.95302581787109375 108.94326019287109375 108.93523406982421875 108.93711090087890625 108.9402313232421875 108.8253173828125 108.730194091796875 108.78479766845703125 108.85965728759765625 108.92665863037109375 108.92343902587890625 108.9012603759765625 109.08697509765625 109.16249847412109375 109.1944122314453125 109.11414337158203125
106.31650543212890625 106.3800506591796875 106.73307037353515625 106.89467620849609375 106.94123077392578125 107.31018829345703125 107.994781494140625 108.0325469970703125 107.960723876953125 107.54831695556640625 107.29677581787109375 107.52881622314453125 108.10971832275390625 108.34046173095703125 108.39899444580078125 108.62811279296875 108.81154632568359375 108.80733489990234375 108.8281707763671875 108.866119384765625 108.93071746826171875 108.8559417724609375 108.5664825439453125 108.53543853759765625 108.8985748291015625 108.909332275390625 108.93160247802734375 108.96440887451171875 108.9041290283203125 108.90964508056640625 108.95607757568359375 109.0420989990234375 109.0162811279296875 109.0283355712890625 108.97922515869140625 108.9048004150390625 108.95367431640625 109.2298736572265625 109.37665557861328125 109.352813720703125 109.24422454833984375
106.279296875 106.33968353271484375 106.69305419921875 106.85894012451171875 106.89670562744140625 107.28878021240234375 107.97888946533203125 107.9968414306640625 107.911865234375 107.5363311767578125 107.32401275634765625 107.55541229248046875 108.11405181884765625 108.24628448486328125 108.31839752197265625 108.66822052001953125 108.79291534423828125 108.7449951171875 108.75968170166015625 108.81479644775390625 108.84528350830078125 108.80666351318359375 108.55529022216796875 108.57513427734375 108.75711822509765625 108.78900146484375 108.871429443359375 108.8494110107421875 108.82311248779296875 108.83712005615234375 108.9847412109375 109.09073638916015625 109.089202880859375 109.100128173828125 109.06569671630859375 109.0280303955078125 109.09157562255859375 109.3505706787109375 109.47808074951171875 109.38930511474609375 109.24571990966796875
106.29279327392578125 106.32335662841796875 106.66463470458984375 106.84207916259765625 106.8796234130859375 107.3459625244140625 107.99115753173828125 108.025146484375 107.930084228515625 107.5164642333984375 107.27451324462890625 107.577850341796875 108.232818603515625 108.3260498046875 108.31397247314453125 108.64067840576171875 108.7487945556640625 108.66088104248046875 108.68715667724609375 108.7364044189453125 108.75315093994140625 108.71602630615234375 108.499755859375 108.60308837890625 108.81109619140625 108.9451141357421875 109.02750396728515625 109.08394622802734375 108.89997100830078125 108.841156005859375 108.9717864990234375 109.0482635498046875 109.0515289306640625 109.1017303466796875 109.13579559326171875 109.163330078125 109.271514892578125 109.54143524169921875 109.58017730712890625 109.43953704833984375 109.20052337646484375
106.3431549072265625 106.4195709228515625 106.74192047119140625 106.871185302734375 106.9234161376953125 107.45714569091796875 107.94023895263671875 107.9595489501953125 107.85623931884765625 107.4500274658203125 107.229278564453125 107.59815216064453125 108.24517822265625 108.35443878173828125 108.3421173095703125 108.600830078125 108.6592864990234375 108.63646697998046875 108.72969818115234375 108.79442596435546875 108.7507476806640625 108.6031494140625 108.433074951171875 108.58777618408203125 108.798370361328125 108.98200225830078125 109.0626220703125 109.09278106689453125 108.91086578369140625 108.8990325927734375 109.0531768798828125 109.0562896728515625 109.01270294189453125 109.03983306884765625 109.1188507080078125 109.228118896484375 109.44071197509765625 109.68045806884765625 109.66429901123046875 109.5567169189453125 109.3243408203125
106.4422149658203125 106.5952911376953125 106.88385772705078125 106.94634246826171875 107.03914642333984375 107.58624267578125 107.988128662109375 107.993988037109375 107.83766937255859375 107.34601593017578125 107.18746185302734375 107.629669189453125 108.14852142333984375 108.2188720703125 108.28498077392578125 108.62061309814453125 108.698699951171875 108.69500732421875 108.7573394775390625 108.79323577880859375 108.754150390625 108.56488037109375 108.39272308349609375 108.56992340087890625 108.77793121337890625 108.88652801513671875 108.91109466552734375 108.88329315185546875 108.8382110595703125 108.8657684326171875 108.95835113525390625 109.081787109375 108.98200225830078125 108.99802398681640625 109.09159088134765625 109.19820404052734375 109.3769378662109375 109.5514373779296875 109.52983856201171875 109.49404144287109375 109.35451507568359375
106.5900726318359375 106.82881927490234375 107.01984405517578125 107.02355194091796875 107.1208953857421875 107.713165283203125 107.9634857177734375 107.96431732177734375 107.73110198974609375 107.20552825927734375 107.14046478271484375 107.72344207763671875 108.22454833984375 108.25270843505859375 108.23992919921875 108.5266876220703125 108.6821746826171875 108.69087982177734375 108.7201995849609375 108.78209686279296875 108.71431732177734375 108.61724090576171875 108.389434814453125 108.4403228759765625 108.77320098876953125 108.820831298828125 108.81978607177734375 108.76166534423828125 108.76392364501953125 108.75202178955078125 108.695404052734375 108.710113525390625 108.799102783203125 108.9294281005859375 108.97711181640625 109.00168609619140625 109.04633331298828125 109.08718109130859375 109.09051513671875 109.1628265380859375 109.080535888671875
106.76032257080078125 107.000030517578125 107.118743896484375 107.156402587890625 107.2899932861328125 107.82749176025390625 107.9198150634765625 107.8533935546875 107.50931549072265625 107.101043701171875 107.16649627685546875 107.8247222900390625 108.21756744384765625 108.27165985107421875 108.2534027099609375 108.52234649658203125 108.676025390625 108.71761322021484375 108.719329833984375 108.68796539306640625 108.63970184326171875 108.56131744384765625 108.35971832275390625 108.352630615234375 108.70882415771484375 108.8616790771484375 108.87664794921875 108.86347198486328125 108.81278228759765625 108.7806549072265625 108.74082183837890625 108.717437744140625 108.74854278564453125 108.813690185546875 108.95742034912109375 109.07382965087890625 109.06754302978515625 109.0583343505859375 109.08228302001953125 109.116424560546875 108.8978271484375
106.988800048828125 107.194915771484375 107.26029205322265625 107.2826080322265625 107.58072662353515625 107.8831787109375 107.87591552734375 107.7781219482421875 107.32837677001953125 107.027008056640625 107.277496337890625 107.91631317138671875 108.136627197265625 108.20441436767578125 108.23072052001953125 108.61700439453125 108.77698516845703125 108.728057861328125 108.7735443115234375 108.73464202880859375 108.72304534912109375 108.65613555908203125 108.46231842041015625 108.3501739501953125 108.65570831298828125 108.841064453125 108.91434478759765625 108.89737701416015625 108.7951202392578125 108.74150848388671875 108.72845458984375 108.72565460205078125 108.7379302978515625 108.716217041015625 108.85376739501953125 109.0396575927734375 109.0646209716796875 109.050537109375 109.06298828125 109.02630615234375 108.81575775146484375
107.231109619140625 107.3672027587890625 107.3481903076171875 107.3983001708984375 107.75128173828125 107.85174560546875 107.83475494384765625 107.60132598876953125 107.12203216552734375 107.00141143798828125 107.44251251220703125 108.0418548583984375 108.18328094482421875 108.18048858642578125 108.1720733642578125 108.59578704833984375 108.75405120849609375 108.76465606689453125 108.84677886962890625 108.8492431640625 108.75453948974609375 108.6404571533203125 108.50384521484375 108.40181732177734375 108.607025146484375 108.7794036865234375 108.84896087646484375 108.75991058349609375 108.69748687744140625 108.68360137939453125 108.65583038330078125 108.6581268310546875 108.66501617431640625 108.60898590087890625 108.68895721435546875 108.88222503662109375 108.8991241455078125 108.87071990966796875 108.83513641357421875 108.75548553466796875 108.63954925537109375
107.46450042724609375 107.49668121337890625 107.4591827392578125 107.67797088623046875 107.894439697265625 107.88794708251953125 107.8219146728515625 107.44319915771484375 107.04421234130859375 107.1104736328125 107.63842010498046875 108.0581512451171875 108.17792510986328125 108.17630767822265625 108.21710205078125 108.59882354736328125 108.76700592041015625 108.73046112060546875 108.74889373779296875 108.76641082763671875 108.72719573974609375 108.68259429931640625 108.55496978759765625 108.43889617919921875 108.49193572998046875 108.53289031982421875 108.51775360107421875 108.4675750732421875 108.4660797119140625 108.447418212890625 108.46429443359375 108.46477508544921875 108.45687103271484375 108.40264892578125 108.40300750732421875 108.4352264404296875 108.3625335693359375 108.3551788330078125 108.37090301513671875 108.40154266357421875 108.42742156982421875
107.5822296142578125 107.65250396728515625 107.64365386962890625 107.9309844970703125 108.00093841552734375 107.9445343017578125 107.7172088623046875 107.27376556396484375 107.08812713623046875 107.3389129638671875 107.9248504638671875 108.1770782470703125 108.2581787109375 108.2312469482421875 108.2373504638671875 108.48284149169921875 108.63602447509765625 108.59906005859375 108.564666748046875 108.5767059326171875 108.5912017822265625 108.58544921875 108.54779052734375 108.51984405517578125 108.543670654296875 108.5886993408203125 108.57422637939453125 108.53766632080078125 108.51068878173828125 108.456298828125 108.40882110595703125 108.32309722900390625 108.28052520751953125 108.229827880859375 108.1931610107421875 108.23033905029296875 108.391845703125 108.46741485595703125 108.443817138671875 108.488189697265625 108.55014801025390625
107.61647796630859375 107.71502685546875 107.908111572265625 107.97493743896484375 107.97905731201171875 107.9324493408203125 107.50450897216796875 107.18959808349609375 107.21662139892578125 107.416168212890625 107.8185882568359375 108.1629180908203125 108.27565765380859375 108.2801361083984375 108.24843597412109375 108.40999603271484375 108.47808074951171875 108.499786376953125 108.500518798828125 108.53972625732421875 108.5485687255859375 108.56758880615234375 108.56020355224609375 108.53466033935546875 108.54563140869140625 108.5902099609375 108.5675048828125 108.5591278076171875 108.555084228515625 108.57068634033203125 108.58013916015625 108.459228515625 108.45285797119140625 108.40836334228515625 108.436737060546875 108.40740966796875 108.768402099609375 108.76985931396484375 108.70871734619140625 108.7041168212890625 108.681427001953125
107.61360931396484375 107.7841949462890625 108.045684814453125 108.05332183837890625 108.01805877685546875 107.76055145263671875 107.3023834228515625 107.24884033203125 107.36529541015625 107.44768524169921875 107.5064239501953125 107.92755889892578125 108.3854827880859375 108.4630889892578125 108.440338134765625 108.4597320556640625 108.44689178466796875 108.492431640625 108.49921417236328125 108.528106689453125 108.5299224853515625 108.54917144775390625 108.515533447265625 108.49474334716796875 108.5303955078125 108.5913848876953125 108.57985687255859375 108.56455230712890625 108.57834625244140625 108.594970703125 108.5532073974609375 108.53606414794921875 108.50658416748046875 108.5355072021484375 108.6521759033203125 108.499755859375 108.7543487548828125 108.80532073974609375 108.78656768798828125 108.811492919921875 108.7421722412109375
107.626800537109375 107.8980560302734375 108.0845794677734375 108.1115875244140625 108.01761627197265625 107.53656005859375 107.26508331298828125 107.35955810546875 107.4179534912109375 107.4752044677734375 107.5279693603515625 107.9832763671875 108.5842132568359375 108.681640625 108.603759765625 108.47357940673828125 108.4441070556640625 108.47896575927734375 108.4875030517578125 108.48291778564453125 108.46620941162109375 108.45955657958984375 108.45421600341796875 108.45786285400390625 108.5230712890625 108.5702056884765625 108.6079559326171875 108.5828399658203125 108.5547943115234375 108.55376434326171875 108.52880096435546875 108.5623016357421875 108.58045196533203125 108.6434173583984375 108.66893768310546875 108.555694580078125 108.677703857421875 108.78270721435546875 108.7845916748046875 108.7828216552734375 108.7307281494140625
