.asc files/fremont_updated.asc
ncols        70
nrows        49
xllcorner    -121.868240698820
yllcorner    37.682037012826
cellsize     0.000092592593
NODATA_value  -999999
[rows 0 to 17 of 49, columns 0 to 40 of 70]
106.51151275634765625 106.5960235595703125 106.85858917236328125 106.99108123779296875 107.07337188720703125 107.42024993896484375 107.57663726806640625 107.5854339599609375 107.54621124267578125 107.19121551513671875 106.851898193359375 106.97818756103515625 107.53607177734375 107.73664093017578125 107.80379486083984375 107.86138153076171875 107.88031005859375 107.816497802734375 107.741302490234375 107.69646453857421875 107.6735382080078125 107.4300994873046875 106.89826202392578125 106.57190704345703125 106.874053955078125 107.59531402587890625 107.6652374267578125 107.66884613037109375 107.64345550537109375 107.6807098388671875 107.75133514404296875 107.7253875732421875 107.69298553466796875 107.71538543701171875 107.7402191162109375 107.74486541748046875 107.43289947509765625 106.94378662109375 107.1494903564453125 107.575927734375 107.8371734619140625
106.452484130859375 106.57621002197265625 106.91889190673828125 107.0175323486328125 107.02569580078125 107.41399383544921875 107.64154052734375 107.6009368896484375 107.54224395751953125 107.184844970703125 106.89516448974609375 107.010284423828125 107.5530853271484375 107.7999267578125 107.78444671630859375 107.82672119140625 107.81912994384765625 107.73009490966796875 107.7125396728515625 107.678436279296875 107.64896392822265625 107.47008514404296875 106.86431121826171875 106.4987945556640625 106.80742645263671875 107.57791900634765625 107.57161712646484375 107.49478912353515625 107.653411865234375 107.7133026123046875 107.74965667724609375 107.75970458984375 107.776153564453125 107.74335479736328125 107.71923828125 107.7392730712890625 107.4665679931640625 106.8961181640625 107.1014862060546875 107.60314178466796875 107.8810577392578125
106.405548095703125 106.467681884765625 106.810577392578125 106.9698028564453125 106.98308563232421875 107.24211883544921875 107.6468505859375 107.68943023681640625 107.626708984375 107.249969482421875 106.939727783203125 107.04537200927734375 107.52277374267578125 107.82611083984375 107.867919921875 107.87020111083984375 107.81410980224609375 107.70363616943359375 107.6998748779296875 107.66936492919921875 107.62598419189453125 107.43987274169921875 106.79476165771484375 106.4657440185546875 106.74776458740234375 107.56764984130859375 107.60399627685546875 107.61421966552734375 107.7563018798828125 107.8360443115234375 107.84698486328125 107.84143829345703125 107.798065185546875 107.73926544189453125 107.671905517578125 107.68584442138671875 107.3685302734375 106.8327789306640625 107.03003692626953125 107.52425384521484375 107.90557098388671875
106.3671875 106.40973663330078125 106.76766204833984375 106.9771728515625 107.01435089111328125 107.15224456787109375 107.6292266845703125 107.67081451416015625 107.6335296630859375 107.2798004150390625 106.9824981689453125 107.122222900390625 107.65724945068359375 107.8837432861328125 107.89357757568359375 107.8336944580078125 107.811492919921875 107.7458953857421875 107.71808624267578125 107.6876220703125 107.6544342041015625 107.421661376953125 106.80516815185546875 106.50664520263671875 106.78411102294921875 107.55281829833984375 107.72103118896484375 107.74668121337890625 107.7295684814453125 107.76129150390625 107.83013916015625 107.81258392333984375 107.75780487060546875 107.736236572265625 107.69061279296875 107.64554595947265625 107.25165557861328125 106.77172088623046875 106.97603607177734375 107.5720367431640625 107.953521728515625
106.3300628662109375 106.3473358154296875 106.67624664306640625 106.90222930908203125 106.9462432861328125 107.109344482421875 107.6955718994140625 107.80352020263671875 107.729705810546875 107.33939361572265625 107.02734375 107.1669158935546875 107.70949554443359375 107.90392303466796875 107.8914794921875 107.8577117919921875 107.806671142578125 107.7151641845703125 107.7440948486328125 107.72884368896484375 107.68068695068359375 107.4787139892578125 106.89130401611328125 106.55698394775390625 106.8088836669921875 107.55950927734375 107.722381591796875 107.73470306396484375 107.70694732666015625 107.7390289306640625 107.837738037109375 107.7918853759765625 107.74611663818359375 107.7402496337890625 107.70159912109375 107.6695556640625 107.2411651611328125 106.7246856689453125 106.936004638671875 107.47972869873046875 107.958770751953125
106.29990386962890625 106.313934326171875 106.66060638427734375 106.89013671875 106.91173553466796875 107.1181640625 107.70046234130859375 107.79290008544921875 107.69628143310546875 107.32921600341796875 107.0574188232421875 107.21723175048828125 107.69597625732421875 107.88356781005859375 107.89080810546875 107.936065673828125 107.83974456787109375 107.766357421875 107.7425384521484375 107.71734619140625 107.68152618408203125 107.4708404541015625 106.95374298095703125 106.63509368896484375 106.8770904541015625 107.5546417236328125 107.69683074951171875 107.71427154541015625 107.7089385986328125 107.77663421630859375 107.84819793701171875 107.77332305908203125 107.6731414794921875 107.69892120361328125 107.69693756103515625 107.669464111328125 107.26328277587890625 106.792694091796875 107.0120849609375 107.45845794677734375 107.90680694580078125
106.35143280029296875 106.37091064453125 106.71707916259765625 106.89479827880859375 106.927398681640625 107.2141876220703125 107.73445892333984375 107.71028900146484375 107.57346343994140625 107.26061248779296875 107.01349639892578125 107.18088531494140625 107.758758544921875 107.94716644287109375 107.986419677734375 107.96050262451171875 107.78546142578125 107.646697998046875 107.6583404541015625 107.64366912841796875 107.64951324462890625 107.482147216796875 106.9853515625 106.6986541748046875 107.0034942626953125 107.62273406982421875 107.7076568603515625 107.74981689453125 107.7523651123046875 107.7996826171875 107.861907958984375 107.779876708984375 107.70250701904296875 107.7247161865234375 107.699951171875 107.63726043701171875 107.28151702880859375 106.86138916015625 107.107208251953125 107.62801361083984375 107.92093658447265625
106.431182861328125 106.457672119140625 106.80391693115234375 106.9814300537109375 106.981903076171875 107.2316131591796875 107.7198944091796875 107.74871826171875 107.67093658447265625 107.27435302734375 106.95337677001953125 107.14609527587890625 107.72686767578125 107.9286956787109375 107.96887969970703125 107.9771270751953125 107.8464508056640625 107.6435546875 107.66623687744140625 107.6912078857421875 107.7059326171875 107.4756317138671875 106.978485107421875 106.70256805419921875 107.0135650634765625 107.5959625244140625 107.68822479248046875 107.74086761474609375 107.77465057373046875 107.81839752197265625 107.88072967529296875 107.80628204345703125 107.69696044921875 107.70395660400390625 107.6956939697265625 107.63829803466796875 107.2554931640625 106.91239166259765625 107.1288604736328125 107.62823486328125 107.9063568115234375
106.50467681884765625 106.53656768798828125 106.86516571044921875 107.04944610595703125 107.06551361083984375 107.23854827880859375 107.6628265380859375 107.66553497314453125 107.56412506103515625 107.18378448486328125 106.913604736328125 107.07442474365234375 107.57625579833984375 107.81002044677734375 107.855926513671875 107.959503173828125 107.87595367431640625 107.692626953125 107.65381622314453125 107.6922607421875 107.71636199951171875 107.48230743408203125 106.94144439697265625 106.6383209228515625 106.95868682861328125 107.5970001220703125 107.673675537109375 107.7069549560546875 107.7320404052734375 107.7681427001953125 107.8711395263671875 107.80762481689453125 107.72003936767578125 107.71100616455078125 107.6817169189453125 107.61728668212890625 107.223541259765625 106.87435150146484375 107.0956268310546875 107.55738067626953125 107.8317108154296875
106.57909393310546875 106.61968994140625 106.94617462158203125 107.1417083740234375 107.14986419677734375 107.32733917236328125 107.66661834716796875 107.68700408935546875 107.62281036376953125 107.1913909912109375 106.8745269775390625 107.03305816650390625 107.5651397705078125 107.8072509765625 107.84700775146484375 107.88797760009765625 107.848968505859375 107.83487701416015625 107.80243682861328125 107.82227325439453125 107.8472900390625 107.51845550537109375 106.8547515869140625 106.552520751953125 106.90068817138671875 107.62384033203125 107.726776123046875 107.73748779296875 107.7265625 107.77373504638671875 107.8804779052734375 107.79825592041015625 107.73168182373046875 107.75336456298828125 107.72139739990234375 107.63146209716796875 107.19794464111328125 106.78150177001953125 107.01761627197265625 107.55234527587890625 107.84189605712890625
106.66016387939453125 106.683135986328125 106.99338531494140625 107.20491790771484375 107.23183441162109375 107.43177032470703125 107.66718292236328125 107.67270660400390625 107.630645751953125 107.20348358154296875 106.85878753662109375 107.05426788330078125 107.66722869873046875 107.7870635986328125 107.8202362060546875 107.8683929443359375 107.81633758544921875 107.812103271484375 107.83512115478515625 107.88201141357421875 107.92661285400390625 107.549560546875 106.810882568359375 106.49492645263671875 106.9173431396484375 107.73867034912109375 107.82106781005859375 107.82099151611328125 107.82691192626953125 107.88655853271484375 108.0020599365234375 107.96337127685546875 107.878387451171875 107.869293212890625 107.85654449462890625 107.77979278564453125 107.27548980712890625 106.76587677001953125 106.98580169677734375 107.50702667236328125 107.89147186279296875
106.7412872314453125 106.76029205322265625 107.06385040283203125 107.27138519287109375 107.33165740966796875 107.4631195068359375 107.6731719970703125 107.69405364990234375 107.637908935546875 107.24456024169921875 106.89522552490234375 107.0829925537109375 107.60990142822265625 107.78348541259765625 107.829620361328125 107.91754913330078125 107.922760009765625 107.92242431640625 107.91783905029296875 107.9310150146484375 107.93122100830078125 107.5931243896484375 106.94026947021484375 106.6312713623046875 107.04970550537109375 107.87406158447265625 107.99944305419921875 108.0457611083984375 108.08061981201171875 108.13433837890625 108.2338409423828125 108.1943359375 108.2015380859375 108.21413421630859375 108.17737579345703125 108.0723114013671875 107.49163055419921875 106.94927215576171875 107.1914825439453125 107.79845428466796875 108.24676513671875
106.82929229736328125 106.8568115234375 107.1676483154296875 107.36963653564453125 107.41680145263671875 107.52315521240234375 107.71495819091796875 107.7002410888671875 107.62895965576171875 107.24134063720703125 106.961822509765625 107.1548309326171875 107.76629638671875 107.9645233154296875 108.03710174560546875 108.265899658203125 108.3287200927734375 108.28942108154296875 108.26992034912109375 108.2639007568359375 108.22247314453125 107.84320068359375 107.28372955322265625 107.0255584716796875 107.35826873779296875 107.9513702392578125 108.06520843505859375 108.11212921142578125 108.11351776123046875 108.12459564208984375 108.25299072265625 108.2281036376953125 108.24456787109375 108.26059722900390625 108.21974945068359375 108.12271881103515625 107.63047027587890625 107.2767333984375 107.49582672119140625 108.0782470703125 108.38475799560546875
106.87754058837890625 106.91783905029296875 107.2285003662109375 107.41855621337890625 107.46102142333984375 107.61978912353515625 107.83271026611328125 107.8151397705078125 107.744720458984375 107.32643890380859375 107.042144775390625 107.272918701171875 107.92249298095703125 108.11865997314453125 108.08292388916015625 108.20479583740234375 108.3842620849609375 108.3760528564453125 108.39102935791015625 108.3955078125 108.3608856201171875 108.173004150390625 107.78199005126953125 107.525299072265625 107.69530487060546875 108.01862335205078125 108.0735626220703125 108.09886932373046875 108.09181976318359375 108.12647247314453125 108.274139404296875 108.24327850341796875 108.168701171875 108.16852569580078125 108.17575836181640625 108.12487030029296875 107.818084716796875 107.613067626953125 107.82202911376953125 108.19336700439453125 108.38451385498046875
106.84619140625 106.86898040771484375 107.18961334228515625 107.41669464111328125 107.45476531982421875 107.5958404541015625 107.82408905029296875 107.8297119140625 107.7817230224609375 107.43721771240234375 107.13837432861328125 107.36789703369140625 107.90325164794921875 108.05707550048828125 108.1153717041015625 108.17632293701171875 108.41664886474609375 108.42413330078125 108.37347412109375 108.34104156494140625 108.32884979248046875 108.32497406005859375 108.22183990478515625 108.035858154296875 108.082244873046875 108.20668792724609375 108.17081451416015625 108.1438140869140625 108.18135833740234375 108.2724609375 108.403472900390625 108.4052276611328125 108.30406951904296875 108.2340240478515625 108.18756866455078125 108.225433349609375 108.08086395263671875 107.98407745361328125 108.14837646484375 108.35518646240234375 108.43456268310546875
106.74558258056640625 106.70508575439453125 106.840545654296875 106.97303009033203125 107.03621673583984375 107.10868072509765625 107.2325592041015625 107.2726898193359375 107.29273223876953125 107.240997314453125 107.2289581298828125 107.352508544921875 107.67449188232421875 107.98874664306640625 108.25713348388671875 108.37530517578125 108.44268035888671875 108.44332122802734375 108.4023895263671875 108.35764312744140625 108.37671661376953125 108.42693328857421875 108.42285919189453125 108.38668060302734375 108.3253326416015625 108.36981201171875 108.4292755126953125 108.48894500732421875 108.56151580810546875 108.6426239013671875 108.7071075439453125 108.6814422607421875 108.61075592041015625 108.51270294189453125 108.41304779052734375 108.34947967529296875 108.24834442138671875 108.248687744140625 108.33989715576171875 108.43329620361328125 108.54383087158203125
106.6443634033203125 106.62579345703125 106.78643798828125 106.899261474609375 106.96021270751953125 107.06159210205078125 107.20532989501953125 107.2519683837890625 107.298553466796875 107.23754119873046875 107.25394439697265625 107.363494873046875 107.713287353515625 108.0172882080078125 108.2738189697265625 108.44205474853515625 108.52210235595703125 108.54273223876953125 108.4930419921875 108.446502685546875 108.49150848388671875 108.54520416259765625 108.53778076171875 108.474273681640625 108.5826873779296875 108.6456146240234375 108.76690673828125 108.77313995361328125 108.641357421875 108.7011871337890625 108.8077545166015625 108.7748260498046875 108.71353912353515625 108.7153778076171875 108.729156494140625 108.719940185546875 108.56539154052734375 108.65196990966796875 108.75609588623046875 108.80901336669921875 108.81519317626953125
106.58614349365234375 106.61595916748046875 106.9327239990234375 107.0839080810546875 107.127838134765625 107.41408538818359375 107.89931488037109375 107.94504547119140625 107.8815155029296875 107.4377899169921875 107.16945648193359375 107.43730926513671875 108.16485595703125 108.3380584716796875 108.38301849365234375 108.5437164306640625 108.7685394287109375 108.841796875 108.8277740478515625 108.84516143798828125 108.8578033447265625 108.8324127197265625 108.73990631103515625 108.6154937744140625 108.89600372314453125 108.8707122802734375 108.88471221923828125 108.8734130859375 108.76104736328125 108.80162811279296875 108.94292449951171875 109.06571197509765625 109.13326263427734375 109.16233062744140625 109.119140625 109.03047943115234375 108.8838958740234375 108.86353302001953125 108.93054962158203125 109.00030517578125 109.04872894287109375
